layout_spectrum: 0.501147
typography_spectrum: 0.02675084
color:
  saturation: 0.6502563
  lightness: 0.6952558
  brandStrength: 0.2480454
  rhythmicContrast: 0.2601009
name: Kauai2015
